genes.hgnc_symbol	genes.ensembl_gene_id	genes.length	logFC	AveExpr	t	P.Value	adj.P.Val
CCND2	ENSG00000118971	35582	6.57516408964425	3.036993979449435	12.564654563013686	6.44037915291738e-33	1.2830523348442003e-28
	ENSG00000242444	8471	3.552975224776686	-5.47192632452771	9.91782898964301	5.249503780378375e-22	5.229030715634899e-18
SCARNA9	ENSG00000254911	352	-2.3810923783121978	0.08771200584473354	-9.21616900583465	2.029452744322455e-19	1.3476919190797317e-15
CCND1	ENSG00000110092	13318	-4.932459770966783	5.3333662441719145	-8.999209896251363	1.1986136944758655e-18	5.969695505337048e-15
CD109	ENSG00000156535	132531	3.090739082079688	-0.6741976862416736	8.84374176970723	4.1956271188691775e-18	1.671705669242235e-14
PKP2	ENSG00000057294	106022	3.8277750567936106	0.7181831292213722	8.413525320088196	1.2313783662472755e-16	4.0885866353963706e-13
NES	ENSG00000132688	8644	4.339836839101444	2.136330599121385	7.799802690117104	1.2139923058098243e-14	3.45502210233476e-11
JUP	ENSG00000173801	32327	2.693205294527043	1.4749212689302154	7.417470586880099	1.8409205976070235e-13	4.368158001488613e-10
MUC3A	ENSG00000169894	18813	3.5227512212109544	-4.724549019182952	7.394155617610259	2.1651427745932746e-13	4.368158001488613e-10
MUC1	ENSG00000185499	7092	2.7016018144035425	0.28466841592023895	7.392339956070823	2.192630258753445e-13	4.368158001488613e-10
ANKRD33B	ENSG00000164236	93746	3.176662234220882	-3.621816243153172	7.25110631807777	5.804732188254922e-13	1.0512897695855869e-9
MARK1	ENSG00000116141	136325	3.4795276355164075	-2.731541276087385	7.199181458391824	8.270944997023706e-13	1.373114718589219e-9
TRIM31	ENSG00000204616	10193	2.512165102110015	-3.768917500765594	7.157354075453241	1.0984145426644587e-12	1.6832780399201036e-9
PLAAT2	ENSG00000133328	10609	2.798020511992486	-0.372079827982123	7.117784470480532	1.4347765639707771e-12	2.041687050530416e-9
EPSTI1	ENSG00000133106	105883	-1.919633294370839	3.6318338306660793	-7.016722668463783	2.8228984271873486e-12	3.749185497761757e-9
STEAP1	ENSG00000164647	10373	2.76644841413223	-2.53250150809538	6.95298032338436	4.308143312962683e-12	5.364176942552661e-9
S100A2	ENSG00000196754	6782	2.4828351774843913	-4.79890361010799	6.924816207865906	5.187635120740397e-12	6.079298051493542e-9
SCN9A	ENSG00000169432	180816	2.574045609906228	2.5098436207197987	6.858843703110765	7.99639366026966e-12	8.850230805549565e-9
SLC46A3	ENSG00000139508	18906	-2.1684949620636935	3.0691061740837102	-6.840947809572337	8.986989561655647e-12	9.223558098059745e-9
LINC01781	ENSG00000234184	111046	-3.216474713540913	3.8398910834446127	-6.836361290314854	9.259670814235262e-12	9.223558098059745e-9
NTRK1	ENSG00000198400	66210	2.4582908720859056	-2.356062675923011	6.790718933654126	1.2456164394340594e-11	1.181674795543111e-8
	ENSG00000251196	3714	2.9423993528989705	-3.7478157344963585	6.781578609367212	1.3215678503537776e-11	1.1967397597612707e-8
MAB21L1	ENSG00000180660	2900	-2.824384041620193	-1.269202012498332	-6.693198025695818	2.334290175077856e-11	2.0219012551261325e-8
KCNMB2	ENSG00000197584	571497	-3.3399882033425574	-0.14919353886998682	-6.63412085989608	3.402496701642287e-11	2.824355803754902e-8
LINC00426	ENSG00000238121	36878	-2.3645454126310277	-0.0048631018902320884	-6.577994508598022	4.854507626596413e-11	3.868460037482149e-8
C1orf21-DT	ENSG00000271387	951	2.4970826194063243	-3.5298039693894627	6.561876662645048	5.3736180268241365e-11	4.1174314742457865e-8
NETO2	ENSG00000171208	66242	2.278830768035024	1.7848509316436718	6.508390138341405	7.516818051915123e-11	5.5462981196390024e-8
NOL4	ENSG00000101746	373852	-3.4960187701759606	-0.04389158004020765	-6.415230825081485	1.341325602734436e-10	9.543531663455512e-8
IGSF9	ENSG00000085552	18574	2.2923355866550383	-2.3191323614847565	6.387352293002245	1.5929632160622242e-10	1.0943107996686769e-7
GAL3ST3	ENSG00000175229	8396	2.610238997205577	-5.481328719077779	6.338579885873134	2.148737746655046e-10	1.426905112962061e-7
KRT14	ENSG00000186847	4616	2.8672572803761027	-4.00045953350712	6.258606328473464	3.4953975730920083e-10	2.2463003371335157e-7
LMOD1	ENSG00000163431	50132	1.9017239931291507	-2.853083762106331	6.235692937362594	4.014428385291886e-10	2.49923257161828e-7
TFAP2C	ENSG00000087510	9977	3.409873303673681	-3.9448279306837977	6.228682896412556	4.187758757531698e-10	2.5281372717438335e-7
SDK1	ENSG00000146555	967748	2.9667103244877184	-4.0766129949954895	6.1639821760221105	6.174439683413188e-10	3.61785845214581e-7
PSMD8P1	ENSG00000228264	768	2.008181037172095	-4.201551707559615	6.14086865639563	7.087172066626752e-10	4.0340183403239473e-7
ATRNL1	ENSG00000107518	855634	2.943023644509916	-3.6132751108367427	6.089622534622551	9.606106680604498e-10	5.315912702527856e-7
NXF5	ENSG00000126952	25465	2.080292930952192	-2.8178870308039565	5.987413456610265	1.7505181724019768e-9	9.425357575835724e-7
WSCD1	ENSG00000179314	66620	3.4504208232104334	-0.821841404488047	5.977473190330762	1.8548698029964454e-9	9.724399004025049e-7
	ENSG00000250850	5343	-2.6736715621931504	-4.920630650858628	-5.96564943069	1.9869134083529922e-9	1.0149561261848284e-6
SYCP2L	ENSG00000153157	92489	-2.0489382338250905	-2.8274238864896257	-5.947619694319844	2.206091305665397e-9	1.098743774786651e-6
ANO9	ENSG00000185101	24078	-2.4222171683709326	3.3950449778945244	-5.9408558341276265	2.2942561646360352e-9	1.1147846661433925e-6
USH2A	ENSG00000042781	800557	-2.879686039697016	0.30811820483676317	-5.93638366955781	2.3544269104605243e-9	1.116783164528442e-6
SYT3	ENSG00000213023	18574	2.8299843653154277	-5.613373686531938	5.8905935489068035	3.0661312535365685e-9	1.420545740301291e-6
APOL3	ENSG00000128284	25847	-2.279973558185117	3.3088850470559588	-5.8468100911355005	3.94061029550716e-9	1.7842008706157643e-6
TRERNA1	ENSG00000231265	788	-2.3078463301976595	-4.026027165547353	-5.752206197583975	6.739999724673129e-9	2.983872766998624e-6
LINC00996	ENSG00000242258	14487	-2.1879332121571538	2.216030006490515	-5.717593632674491	8.187154314412982e-9	3.509254175896346e-6
SH2D2A	ENSG00000027869	10605	2.1229360303298033	-1.8749589707555063	5.709397734223757	8.571793609898612e-9	3.509254175896346e-6
GNG11	ENSG00000127920	6875	-3.1136971441533694	-0.12475428876100761	-5.708422909845284	8.61869686480665e-9	3.509254175896346e-6
S100A4	ENSG00000196154	6523	2.377135125791489	3.624039879556885	5.708161126687757	8.631334937201132e-9	3.509254175896346e-6
PDLIM2	ENSG00000120913	19746	-1.9481414470956775	1.2928614817139186	-5.703800681470731	8.844515204710694e-9	3.519255355604418e-6
KIF19	ENSG00000196169	29610	-2.295707211566274	3.5098131607898795	-5.700500912357879	9.009237181800287e-9	3.519255355604418e-6
CEP250-AS1	ENSG00000230155	14782	-2.2201263380565575	-0.5562914286599159	-5.693540511669816	9.366545306205541e-9	3.588467607504362e-6
RPRM	ENSG00000177519	1424	2.7537861350128283	-1.5417056276023775	5.682289132418131	9.973484918593326e-9	3.7489012556267216e-6
	ENSG00000229196	911	-2.540936081728437	-3.7999182126167566	-5.6581326031828985	1.1408652888003972e-8	4.2089478302743545e-6
RND3	ENSG00000115963	70816	2.709170847383908	2.389100288174694	5.620362710116552	1.4063726275072945e-8	5.0941373609455125e-6
KCNA5	ENSG00000130037	2909	-3.53619716931132	-2.064287809228875	-5.6067998553675675	1.5156636997593984e-8	5.39197361189406e-6
SPRR2A	ENSG00000241794	1392	2.3367124546284863	-6.267421541526506	5.589260307901401	1.6693050853337998e-8	5.8343677035122735e-6
ABLIM2	ENSG00000163995	193522	2.042177877893913	-3.1734930208769825	5.559412251719655	1.9662431483170227e-8	6.7537062070296084e-6
IGF1R	ENSG00000140443	315991	2.2161753295278634	2.2982344068408933	5.524566217786499	2.3781142238510984e-8	8.029964672468065e-6
PTPRR	ENSG00000153233	282665	2.3272966721800565	-4.154467706809889	5.502518328442976	2.6807936139239253e-8	8.90112839609874e-6
	ENSG00000271959	3409	2.585105696257031	-3.1202956218984506	5.492498480727672	2.830416441439616e-8	9.243861696124597e-6
	ENSG00000232124	6797	-2.014183573558597	-2.8755178079835346	-5.471234816538621	3.1752918996600735e-8	1.0202929875004514e-5
INSRR	ENSG00000027644	19054	2.080682730835544	-5.328154942100413	5.453178446805466	3.4998962168200443e-8	1.1045106269354682e-5
	ENSG00000249738	494791	2.2193637906942536	-5.631810314910115	5.450627745431126	3.54827226803885e-8	1.1045106269354682e-5
PAX5	ENSG00000196092	200999	-2.992253838624605	1.7383175920971734	-5.445324479601867	3.650939635976527e-8	1.1189849142757594e-5
STAP1	ENSG00000035720	48610	-1.887375074505568	4.403193529256629	-5.344810951214176	6.240746926224645e-8	1.8837600040037483e-5
SPATA17	ENSG00000162814	240372	2.136637912220245	-4.472340787606895	5.327513684427646	6.838004122356426e-8	2.033234598889324e-5
RHBG	ENSG00000132677	16008	2.140647835287786	-5.609587938275787	5.3141520911422715	7.33694509932959e-8	2.1495091216006485e-5
INAVA	ENSG00000163362	24694	2.411088651302532	1.1780326778358476	5.2893861608968	8.356656729732557e-8	2.4127726865178552e-5
MT1F	ENSG00000198417	2967	-2.4283504832356546	-2.1243304115623713	-5.268446464346007	9.324842070673154e-8	2.6538500533135798e-5
RPL36AP40	ENSG00000240298	320	-2.626002033209029	-3.9903477513280103	-5.213700878498756	1.239784724434526e-7	3.478731166223187e-5
SIX4	ENSG00000100625	14812	-2.539571510675149	-0.11019311712087293	-5.182838637010081	1.454100853709325e-7	4.023416278832941e-5
CHSY3	ENSG00000198108	282169	-2.3173355588269917	2.7667375305913344	-5.153755384119864	1.688604600310895e-7	4.600912845273403e-5
STARD13	ENSG00000133121	247493	-1.7324272270282135	1.7252321952572873	-5.149461291143263	1.7261903884863153e-7	4.600912845273403e-5
	ENSG00000244998	2635	2.2092224391805875	-4.755129783724514	5.148794655203323	1.732097497216671e-7	4.600912845273403e-5
TBX21	ENSG00000073861	12886	-2.5181941925025946	-0.7354559091313709	-5.131161565057754	1.895640526317717e-7	4.969072442802837e-5
CALHM3	ENSG00000183128	6436	2.2288989113896216	-4.2601956152003595	5.048894073260226	2.8776675792558035e-7	7.445310845965471e-5
	ENSG00000259514	2454	-2.51044482481718	-2.488360408611475	-5.043148484738023	2.9621531346010923e-7	7.509435254030765e-5
TCEA3	ENSG00000204219	43839	2.6382505442741024	-1.0820819237761787	5.042099092635423	2.977840503305042e-7	7.509435254030765e-5
IL6R	ENSG00000160712	64257	1.758407408187609	6.546244145623622	5.036593209438283	3.061472295718587e-7	7.623831384413212e-5
MTMR11	ENSG00000014914	8228	1.7285923543460717	-0.2529659639217092	5.019502339514284	3.33578003766239e-7	8.204371593865448e-5
	ENSG00000267469	814	-3.1984032303732275	-1.851763967477428	-4.97217428160356	4.22502065327394e-7	1.026473920177115e-4
KIF21B	ENSG00000116852	54324	1.97781813821689	4.213096743511829	4.9644870245739945	4.389548016684981e-7	1.0535972962457614e-4
DEPP1	ENSG00000165507	7828	2.0747246240131068	3.6209392830738465	4.905746552945099	5.867684911026753e-7	1.3916192713985114e-4
CD19	ENSG00000177455	7377	-2.6410730009688157	-0.16026222023603826	-4.902534542616868	5.961039378782463e-7	1.3971273706365204e-4
SLC34A2	ENSG00000157765	30737	-1.8908545273782145	-3.5300412636028273	-4.895445199507987	6.172181564712498e-7	1.4297930364209582e-4
FLT3	ENSG00000122025	97318	-2.404517273675224	0.41802208376832223	-4.892187023607337	6.271621415653227e-7	1.43612921658211e-4
TNFRSF4	ENSG00000186827	2813	-2.39919979680894	0.08988284561931613	-4.887164091328495	6.427954344108688e-7	1.453021585916743e-4
VEGFC	ENSG00000150630	109384	-2.5028160454270387	-0.5612845077304771	-4.885163465305087	6.491261979047793e-7	1.453021585916743e-4
ANKRD45	ENSG00000183831	61515	2.3665306533529633	-2.219971544639689	4.8780436230384545	6.721473917898647e-7	1.4878355932486316e-4
IDO2	ENSG00000188676	81783	-2.1755299347007093	-4.437505906864835	-4.872858772444863	6.894051729892523e-7	1.503057551635816e-4
RBFOX1	ENSG00000078328	2473538	2.008850677976934	-6.14796624322469	4.869387227030955	7.011980957359316e-7	1.503057551635816e-4
ABI3BP	ENSG00000154175	244359	-2.241150404754073	0.9656822649524656	-4.869252918807504	7.016582286022029e-7	1.503057551635816e-4
BCAN	ENSG00000132692	18142	1.8029857737281105	-2.0634651292927977	4.840010677253196	8.090833900647458e-7	1.7147403507308367e-4
CYSLTR2	ENSG00000152207	57515	-2.4156846761506294	-3.6032144734003726	-4.820389931227793	8.898668281330292e-7	1.8651688751256115e-4
TMPRSS11A	ENSG00000187054	54745	2.2466262077065418	-4.72678106467073	4.818329758773136	8.987863267345582e-7	1.8651688751256115e-4
C6orf132	ENSG00000188112	41501	1.8607747102114405	-3.2460639228311794	4.791656521666067	1.0223323856355593e-6	2.099681008931094e-4
SPTB	ENSG00000070182	133624	2.2723441783762435	-0.16445066783913453	4.762951491270371	1.1735187049989165e-6	2.3855958817335115e-4
VSIG1	ENSG00000101842	34214	2.080331748405542	-2.7485146326935506	4.7591125012486355	1.1953008738814152e-6	2.4053317181278337e-4
ASTN1	ENSG00000152092	307671	2.6908830150687777	-4.167758158521686	4.743086885420718	1.2905044724299375e-6	2.5557948095633165e-4
	ENSG00000267127	62742	1.7295814740750206	-3.2039894192279625	4.742240593718594	1.2957297247560233e-6	2.5557948095633165e-4
GABRG2	ENSG00000113327	162920	2.5732621662582904	-2.6904136931702207	4.731859589403657	1.361504259717375e-6	2.65920469236172e-4
	ENSG00000272668	12815	2.3481963543630213	-2.967521190325542	4.72391389636421	1.4140063564755886e-6	2.7349354013307453e-4
KRT17	ENSG00000128422	5400	2.4780048856160177	-4.9693486899585775	4.720227601495123	1.4390200917553226e-6	2.7565536796105326e-4
RAB26	ENSG00000167964	13362	-1.8139294271151196	2.070203931284746	-4.716395424831178	1.4654746369178615e-6	2.776418293891422e-4
LGALS14	ENSG00000006659	4963	2.4128626075275768	-3.490751700824028	4.714709153434844	1.4772630215464847e-6	2.776418293891422e-4
MTMR9LP	ENSG00000220785	10054	-2.0419031359304465	1.3485591377497332	-4.712028200151065	1.496192969057084e-6	2.785715544818246e-4
THBS3-AS1	ENSG00000231064	10498	1.4397425521810983	-1.2226398655330382	4.7000382276506745	1.5837448712896332e-6	2.9214227153548215e-4
TRABD2A	ENSG00000186854	85358	-2.1526603978217254	2.021141070166856	-4.689676261926179	1.663358080022175e-6	3.04013024497264e-4
RCBTB2	ENSG00000136161	44293	-1.601244014512099	4.498668587896585	-4.680908198902336	1.7337168986925732e-6	3.1399189141594037e-4
LPAR6	ENSG00000139679	55137	-2.6547777703320934	1.1466468531515939	-4.669145913433103	1.8326071290347796e-6	3.289117047264043e-4
LINC01136	ENSG00000233791	6557	1.594785455147837	-1.1796926061978765	4.663582117830876	1.881251299216218e-6	3.3462757484808476e-4
SHANK2	ENSG00000162105	784723	2.3272244665008737	-1.3498177185617322	4.659186934944753	1.9205530040141227e-6	3.385951942121182e-4
	ENSG00000174171	6751	-2.0202668370970733	0.760824023243761	-4.644780637515083	2.05498044820414e-6	3.591168463958147e-4
ZP1	ENSG00000149506	8151	2.115932532899591	-2.5565281905327244	4.637061707796781	2.1306793787314694e-6	3.691077789833768e-4
LEFTY2	ENSG00000143768	4785	2.248824158135049	-0.9757179413880525	4.620458736055748	2.302682601660491e-6	3.9546588612310605e-4
NPHP1	ENSG00000144061	82755	1.677790161355034	-1.1026890619588146	4.607104408960884	2.4506283241226742e-6	4.1727707242027276e-4
ZYG11A	ENSG00000203995	52487	2.177717046341979	-0.8797006537257367	4.595378234615771	2.5880231885371975e-6	4.369372708647292e-4
TUBB4A	ENSG00000104833	8529	2.3372616290723944	-4.092849348004494	4.590667211384462	2.645278157415129e-6	4.4285068447079157e-4
	ENSG00000270036	723	-2.0918076933658662	-4.864890555662796	-4.570989351632777	2.897845853607331e-6	4.810907091297104e-4
GLMP	ENSG00000198715	5600	1.3173918995857807	4.572256436189806	4.567383835547811	2.9465643105213316e-6	4.8493132144300375e-4
LILRB4	ENSG00000186818	26470	2.4854955332612265	2.414141373520524	4.56569432457537	2.969662745509811e-6	4.8493132144300375e-4
CATSPER1	ENSG00000175294	9727	2.052389503607508	-4.447790829010919	4.562504449129225	3.0137480597750034e-6	4.88129177616566e-4
MAGI1	ENSG00000151276	685393	2.415879010264151	-2.461708319238397	4.554818476268181	3.1225645298989187e-6	5.016752464890828e-4
GRIA2	ENSG00000120251	161893	2.3457481742371775	-4.817747383521481	4.545802437517127	3.255016403712569e-6	5.124867977440396e-4
TRAT1	ENSG00000163519	32235	-2.668514637735686	1.0305971350864118	-4.545217756360897	3.2637892668857748e-6	5.124867977440396e-4
CD70	ENSG00000125726	20920	2.169709439789987	-3.3619826495564804	4.545001981324905	3.2670325927865187e-6	5.124867977440396e-4
TPT1	ENSG00000133112	7813	-1.3468737878076151	11.098302936640493	-4.524337432965628	3.592381523920949e-6	5.591205056215089e-4
SOCS3	ENSG00000184557	3299	2.295749582099309	4.035350114027841	4.522422884140326	3.624049287301895e-6	5.596768209428554e-4
FRZB	ENSG00000162998	33362	-2.4970203428053326	6.550652189393242	-4.516561990484522	3.722663818559756e-6	5.698833353954667e-4
CYRIA	ENSG00000197872	116872	-1.7630955928056111	5.094104583574696	-4.515118097434247	3.7473505138442994e-6	5.698833353954667e-4
SCIRT	ENSG00000237686	143083	2.2815715215273173	-2.812992978293192	4.51237579669958	3.794669119271998e-6	5.727075620767936e-4
GAS6-AS1	ENSG00000233695	30114	-1.7658603746105128	-1.7944724313659604	-4.494621111199964	4.115169498859556e-6	6.164090733554892e-4
SHISA2	ENSG00000180730	7419	-2.954917266797638	-0.058127159468335354	-4.487986509291671	4.241464512981425e-6	6.305854927434026e-4
NOS1AP	ENSG00000198929	300784	2.0590287356913093	-2.0179360199423813	4.472856876858677	4.543504433146453e-6	6.704866319788417e-4
DRP2	ENSG00000102385	44733	1.8047735254275614	-3.331238195967453	4.469991744149912	4.602975926362724e-6	6.742682823896926e-4
CASP4LP	ENSG00000235505	17524	-2.361669931789341	1.4540061612052417	-4.454892179563165	4.92891727223765e-6	7.167437218796968e-4
SMAD1	ENSG00000170365	77982	-2.5856557302325633	1.5446739787805328	-4.436693407932821	5.35116122555788e-6	7.72506043011334e-4
HSPA8P4	ENSG00000248610	1919	-2.1019901715117704	-1.8556761645409179	-4.415006522861756	5.899596266765566e-6	8.455522073849181e-4
ZC3H12D	ENSG00000178199	38219	-1.95704603940814	1.1467968626601794	-4.402282390371968	6.24598610315858e-6	8.88803822479466e-4
C1orf21	ENSG00000116667	241990	2.1809657634056547	2.2486321478975206	4.398934139697237	6.340319048498451e-6	8.90107918751744e-4
SYNC	ENSG00000162520	23690	2.528010492583399	-2.1447644813824605	4.398786500560648	6.3445098114018495e-6	8.90107918751744e-4
CHST3	ENSG00000122863	49163	-2.4274027159691345	-1.5348881512652566	-4.383520064709399	6.792446244340356e-6	9.462875110471927e-4
P2RY6	ENSG00000171631	40605	-2.492367246277174	0.5318460722486759	-4.378510951082941	6.945896212258298e-6	9.609454468097904e-4
ARGLU1	ENSG00000134884	26464	-1.2605541357654397	6.559701284727316	-4.3759206351797335	7.026542784177675e-6	9.653985196302596e-4
EDNRB	ENSG00000136160	80048	-2.9019181158553207	3.889570881699945	-4.372972164084177	7.1194293688438115e-6	9.714607663431945e-4
	ENSG00000244039	1231	-1.9763643192355653	-4.9622205137870266	-4.366826648178877	7.316820243366049e-6	9.916033529818941e-4
KCNJ3	ENSG00000162989	160499	-2.678471734493443	-1.0304056326394895	-4.3570406310364564	7.641978468940788e-6	0.001028672263907016
LY86-AS1	ENSG00000216863	276306	-2.1033574076163943	-0.6340028330760884	-4.272850520150642	1.1070237782376717e-5	0.00147814739667351
NUDT11	ENSG00000196368	6581	2.0867470172376956	-1.9966105041191298	4.271627034538003	1.1129510566259738e-5	0.00147814739667351
CNTNAP2	ENSG00000174469	2304996	2.216643321849096	-3.1707832764308064	4.247306390060116	1.2372500763396195e-5	0.0016315436779789215
CLSTN2	ENSG00000158258	642212	2.446844355019649	-1.2091266588659748	4.245900109221564	1.2448280245597634e-5	0.0016315436779789215
CST6	ENSG00000175315	1497	2.7116275210993024	-2.6143761136468653	4.243673429525477	1.2569173889828456e-5	0.00163662145250433
LINC01749	ENSG00000272259	75688	2.2295594676376345	-3.8439535087056163	4.2368010891669	1.2949393976467831e-5	0.0016751806935012478
RNVU1-30	ENSG00000206828	163	-2.0311185081644543	-4.145684766586403	-4.225206682165416	1.3615839609629911e-5	0.0017500306884067555
LINC02830	ENSG00000224899	2285	2.15267007848491	-4.17212441211045	4.222574317086114	1.3771636937659657e-5	0.0017587086607183057
PITPNC1	ENSG00000154217	319975	1.6635861689028077	1.706246173707944	4.219017058486744	1.3984875218772207e-5	0.0017745648669323562
TSACC	ENSG00000163467	9681	1.4917134344104248	-2.158158199062677	4.2067288160780985	1.4745953837910628e-5	0.001841727838138863
NEFLP1	ENSG00000232634	983	-2.5346681712855785	-5.0518200415862875	-4.2067017760690035	1.4747671284215509e-5	0.001841727838138863
CHRM3	ENSG00000133019	528887	2.284172018190623	-2.1232781303059074	4.206012585699925	1.4791509592521739e-5	0.001841727838138863
PTP4A3	ENSG00000184489	40459	2.2614070962476402	5.672609968713839	4.203361036040597	1.4961330807580862e-5	0.0018513020642771797
NLGN4X	ENSG00000146938	388230	-2.790404350028763	2.122349332315118	-4.187439999705814	1.6020723210513536e-5	0.0019701533814805595
PBX1	ENSG00000185630	343712	2.341281772102682	-2.471229634494164	4.184478446842328	1.6225508138878673e-5	0.0019830955407530116
RAB29	ENSG00000117280	7496	1.6220366007843965	3.3336745123472435	4.167226120309534	1.746891519111377e-5	0.0021220471246181007
CCL8	ENSG00000108700	1967	-2.3056271955967214	-2.9152261891937523	-4.164688362187888	1.765929607168676e-5	0.0021321727050917796
PGAP1	ENSG00000197121	94792	1.5620175455304617	0.597511000236837	4.160887237583435	1.7948152018123145e-5	0.0021482353931247277
	ENSG00000248596	42070	2.26598899048838	-4.829958952573822	4.160107012276933	1.8007996719798692e-5	0.0021482353931247277
	ENSG00000259420	39918	-1.8711119916864964	-5.562857788419593	-4.155696253882032	1.8349897197933352e-5	0.00217599197605493
FLT1	ENSG00000102755	194799	-2.005180694889214	-2.4139188516573333	-4.146883542477195	1.905160377314189e-5	0.0022458346175652823
CCRL2	ENSG00000121797	5831	-1.896301155313715	1.3005207215043901	-4.140375705066421	1.958609489367634e-5	0.002295259896893059
HPSE2	ENSG00000172987	778785	1.8897836685712033	-5.952230681867873	4.138445243293729	1.9747367995661608e-5	0.00230062611233667
FGFR3	ENSG00000068078	15579	2.893812939420683	-0.5027391708434568	4.135443717391452	2.0000630338388617e-5	0.002316584637217314
RNF183	ENSG00000165188	6283	1.6720992752685349	-3.288117819583456	4.129286793042344	2.0529839833972835e-5	0.0023641356599561087
CLDN14	ENSG00000159261	115948	2.1974434041972533	-1.1421084537124244	4.113237622663392	2.1972637146944805e-5	0.002515740673801347
KCNQ3	ENSG00000184156	360236	2.0920750035063813	-2.985211063793541	4.103867341459958	2.2859052092661394e-5	0.0026022744902285734
C1orf226	ENSG00000239887	7971	2.070738686943507	-0.7513741293388259	4.096237324776703	2.360584188238189e-5	0.0026720203521637047
	ENSG00000253619	206689	-1.9696844022870952	-5.67731020726393	-4.083887142029736	2.4863970001113512e-5	0.002798531131989737
EGR3	ENSG00000179388	5821	-2.001417013757746	0.8050150448461773	-4.080045801156156	2.526810814561253e-5	0.0028228592083771975
GLIS3	ENSG00000107249	524265	-2.1511712774268594	1.3639085682912744	-4.079147545626377	2.5363507594594836e-5	0.0028228592083771975
	ENSG00000271109	11701	2.10032784109758	-3.2280418224489393	4.050909642536045	2.8543044049750512e-5	0.0031590806864396095
KLHDC9	ENSG00000162755	1985	1.4234810848744233	0.6081731636634706	4.046639318824055	2.9055629643317908e-5	0.0031806349946152763
ISL2	ENSG00000159556	5702	-2.333476985589606	1.3210820511302661	-4.0466271630759065	2.905710114546633e-5	0.0031806349946152763
CD79A	ENSG00000105369	4093	-2.0536664914541474	5.3172701320744045	-4.035797613286674	3.039654658154992e-5	0.003309071043702937
C16orf74	ENSG00000154102	61045	-2.0547306872628375	1.494145093211485	-4.028212095040425	3.136942920985585e-5	0.0033939294593669862
FAM13A	ENSG00000138640	385443	-1.4584637522518236	5.605132583760833	-4.027082851728987	3.1516762874354604e-5	0.0033939294593669862
RPL32P29	ENSG00000244270	402	-1.550900442057674	0.9963506701307561	-3.9968232032309334	3.5718242197596715e-5	0.003825692586346891
SUSD4	ENSG00000143502	143414	2.1372161094581847	-4.469049397875985	3.977912834308762	3.86079157273356e-5	0.0041047112277434175
NEK2	ENSG00000117650	16973	1.6668641659077115	0.14857014930968918	3.977110105771972	3.8735353419122704e-5	0.0041047112277434175
LINC01852	ENSG00000236914	4178	1.9403021829778293	-3.551135292942043	3.96817439327277	4.0181128000260416e-5	0.004235388529212635
NKAIN2	ENSG00000188580	1021775	2.1879130746880233	-4.357200094734062	3.9665007570681774	4.0457541317742396e-5	0.004242079674379284
NUAK1	ENSG00000074590	75609	2.370716797565877	-2.6098392536381123	3.9610200981047057	4.1375375023367046e-5	0.0043156032524372685
RPL21P75	ENSG00000213860	482	-1.3154908732789412	7.977602837745264	-3.9581891870030117	4.1857152527893015e-5	0.0043431155867744
	ENSG00000223599	1308	1.4901914758724866	-2.69260682363057	3.9538860608002273	4.2599667435214596e-5	0.004397256863442204
CA8	ENSG00000178538	95988	2.188821352760641	-0.8872397654092474	3.9485654391957845	4.353500678608726e-5	0.004470641263878507
DOK5	ENSG00000101134	175576	2.147642860423038	-4.8177509636132765	3.9449982702425097	4.417295192753225e-5	0.004512889991283577
CIR1P2	ENSG00000250215	1341	-1.8932244190158634	-3.4440011581583443	-3.9347586274818123	4.605372150044383e-5	0.00468103183536654
SCD5	ENSG00000145284	169257	-2.009838715797162	1.4421600779211452	-3.930215098587265	4.691231455781304e-5	0.004744097109750007
SMOC1	ENSG00000198732	178235	-1.7126756585431995	5.045145991890121	-3.9185692927112865	4.9182741721699344e-5	0.0049485786897964365
FOLR2	ENSG00000165457	5349	-2.0570245600808974	-0.039599261382635434	-3.9158561689468994	4.972641811396388e-5	0.0049781392043537105
MYBPC2	ENSG00000086967	33429	2.580670670016369	-2.773378988969014	3.9133615305230833	5.0231326419659125e-5	0.005003542424662245
RPL21P16	ENSG00000220842	482	-1.317774382451411	8.295951402184912	-3.909873566059177	5.094541854748204e-5	0.005049426011457399
MUC15	ENSG00000169550	13231	2.0750810967708526	-5.6455747464431845	3.907012216268826	5.1538383457664466e-5	0.0050829092833841166
ZNF571	ENSG00000180479	40010	1.6041980244760272	0.331858825284159	3.8834790086651583	5.666895614040691e-5	0.005561374109503381
ADGRL2	ENSG00000117114	687785	-2.6450244906959544	-0.09962169846574567	-3.88106695335418	5.7221272376293395e-5	0.005588049942551554
SLC49A3	ENSG00000169026	7442	-1.915033307664944	-0.5249204254813417	-3.8785229909657164	5.780930456757975e-5	0.005617936417538165
MYL4	ENSG00000198336	23233	-1.7356962185874678	-1.7608088149974535	-3.8755094482819175	5.851327024938505e-5	0.005658744514117714
IL6R-AS1	ENSG00000228013	4236	1.5358322271318636	-1.2589251447709309	3.857293640554578	6.294403898114326e-5	0.006057831616339788
NAP1L3	ENSG00000186310	2648	2.0762018275736	-2.700128312135531	3.84403537928086	6.63662559536475e-5	0.006356483418791181
LRRC32	ENSG00000137507	13223	-2.0365125998878155	-3.468435800110194	-3.8273498394939085	7.09231046495102e-5	0.006760431056591111
NALF2	ENSG00000130054	28182	1.8935970269255025	-5.264606473987653	3.8149313394814937	7.450463712070854e-5	0.007068006574851217
LIPH	ENSG00000163898	46326	2.1112800243279195	-3.3667651796425235	3.8078300978276345	7.662866393049969e-5	0.007212722903260209
HTR2C	ENSG00000147246	325983	2.297443912309996	-2.7935021042776995	3.8074162154493942	7.675420417082443e-5	0.007212722903260209
KLHL13	ENSG00000003096	219527	2.0506105144547173	-4.088430664900773	3.773068312835034	8.787627495064684e-5	0.008219113378247824
	ENSG00000260805	1898	1.4949135485184621	-0.8752870246429686	3.7412227463172467	9.953010024954729e-5	0.009265601201735892
	ENSG00000250493	26864	-1.8698095674302564	-2.6037907507044653	-3.739877598416188	1.000530427178516e-4	0.009270961474535067
FBXL7	ENSG00000183580	439615	2.2624800030489673	-3.92769098531182	3.734728927465414	1.0207865061272248e-4	0.009414865173641932
	ENSG00000261754	2756	1.9915254731764387	-4.4136441105433075	3.724725793077439	1.0612497747025966e-4	0.009742957609043838
OGDHL	ENSG00000197444	27738	2.1685039885040602	-2.186179919098187	3.6984872989450275	1.1746770237528993e-4	0.010734823700552872
LIFR-AS1	ENSG00000244968	114451	1.9012226297789936	-4.974375398413566	3.690870655673386	1.2096805350544054e-4	0.010993608106966058
ITPR1	ENSG00000150995	354161	-1.7406520327130224	3.0079293036167534	-3.689938398937921	1.21403161506502e-4	0.010993608106966058
GLRA3	ENSG00000145451	192327	1.9545368451671754	-4.886551566805693	3.684235009101651	1.2409728342429793e-4	0.011186724345605716
CAPN8	ENSG00000203697	127716	1.7779415246846062	-3.461536300819704	3.6774722580771892	1.2736464200147144e-4	0.011429542333123035
NLGN4Y	ENSG00000165246	323081	-2.561968308474909	-3.358736570179797	-3.6735967979644744	1.2927330266127718e-4	0.01154880150501329
ADGRL3	ENSG00000150471	878009	2.2165375382852677	-2.999132511993477	3.6674873522052516	1.3233687596850242e-4	0.011769710906448684
	ENSG00000225370	1360	1.8555560233558452	-5.630894436407285	3.6605648308016856	1.3589056231789616e-4	0.0120320523666539
	ENSG00000229191	4843	1.879851407045817	-3.4190093889716016	3.6457026013998304	1.4382515408161375e-4	0.01267825097174296
LNCOC1	ENSG00000253741	25190	1.6761249548257404	-1.4960016514469792	3.6443512113901204	1.4456780816824593e-4	0.012687576538888967
ATP2B4	ENSG00000058668	117294	1.4780745966411706	4.585497691531458	3.6371425294374355	1.4859053414244998e-4	0.01298342377713109
ADAMTS20	ENSG00000173157	198337	2.057318069723813	-4.427574341270285	3.6332225930798714	1.5082188217180304e-4	0.013120845138107686
UCHL1	ENSG00000154277	12042	2.602543530957962	2.092520082012266	3.6296942374537737	1.528571893649325e-4	0.013240090984905153
CCL25	ENSG00000131142	10342	-1.9508966861235058	-3.447246499021739	-3.6124352712802836	1.6318970326150743e-4	0.014073875620674248
MYO1E	ENSG00000157483	240437	2.0221774312132115	-0.9476176116305449	3.594068983268562	1.7490257662142953e-4	0.015019004876948789
NELL2	ENSG00000184613	413573	1.9407001119867953	-1.8988817045916921	3.569013248957667	1.9215625689719633e-4	0.016429772317192896
PIF1	ENSG00000140451	10036	-1.501384269831473	3.6236261174420936	-3.566723872073909	1.93809808597916e-4	0.016500337636272146
METTL27	ENSG00000165171	7926	2.0049494067804963	-2.6423203191039772	3.565450956835686	1.94734954761323e-4	0.01650855220746841
SOCS3-DT	ENSG00000266970	13494	1.7803846643384373	-5.29530780616262	3.5619225223999833	1.9732106598838116e-4	0.016656907951781905
IGLV7-46	ENSG00000211649	473	-2.0487873832572667	-0.40718531968529803	-3.5598917229155935	1.9882405589859666e-4	0.01671296557642128
NRIR	ENSG00000225964	21001	-1.9627757844333202	-1.9366410725426724	-3.557099509832855	2.009080751809717e-4	0.01681718770485428
KCNK10	ENSG00000100433	146804	-2.058943011865013	-5.140363157560838	-3.5449510539629427	2.1021563756394232e-4	0.01752266080145966
KLF5	ENSG00000102554	22565	-1.7532865316244177	1.9769501976846355	-3.5152066226759433	2.3473582851295003e-4	0.01948502989847913
TMEM150B	ENSG00000180061	21247	-1.792181704823859	-1.3776366784056122	-3.4771623308924946	2.700018251846206e-4	0.022319403988912908
ARL11	ENSG00000152213	5365	-1.4528494388274444	0.6257188374591345	-3.4745809977046767	2.725655414592818e-4	0.022438226103106664
GAREM1	ENSG00000141441	346005	1.787918355025763	1.4316545325783865	3.4648628094905924	2.824226768654238e-4	0.023154010570012235
CHRNA1	ENSG00000138435	40343	-1.93961467539506	-3.87694577512216	-3.4606487174174148	2.867996039180329e-4	0.02341648241497972
S100A10	ENSG00000197747	10944	1.5361463907549173	3.8514938997629615	3.448868099047995	2.9937360732872173e-4	0.02434335104164406
SPINK5	ENSG00000133710	111699	1.9169239544494319	-0.15951748504428684	3.4371709408256037	3.1236581908489306e-4	0.025296552226866827
CNTN5	ENSG00000149972	1337936	-1.7824797493922633	3.7051908903257353	-3.43467727232286	3.152027218412684e-4	0.02542294989684919
RPL21P28	ENSG00000220749	482	-1.342367323202524	0.3231929720228021	-3.422789124253476	3.2906046439636007e-4	0.026270715851056732
SAMD7	ENSG00000187033	27603	-1.8243559167880634	-4.314956253131985	-3.4223440257188917	3.295901711755874e-4	0.026270715851056732
VSIG8	ENSG00000243284	8341	1.7515165360240914	-4.290610920742055	3.4222772910669774	3.296696598114739e-4	0.026270715851056732
LHX8	ENSG00000162624	33099	2.195130149413282	-4.896490761692945	3.4198268224908213	3.326008527094974e-4	0.02632533019913957
CACNA1E	ENSG00000198216	490394	1.716466110121482	-2.68079270605215	3.419496480903905	3.3299785213247523e-4	0.02632533019913957
C19orf81	ENSG00000235034	9865	2.15404373439607	-5.80703664955691	3.416969119363974	3.360498414900939e-4	0.026461600561919568
MOXD1	ENSG00000079931	105420	-1.685317044793626	5.110138343135784	-3.415853973666936	3.374047385115191e-4	0.026463689766246
TMCC2	ENSG00000133069	57686	1.5731666432035083	1.532267150672901	3.413384315499497	3.404235010498252e-4	0.026545452424720072
HSPD1P10	ENSG00000216990	1675	1.577403465602127	-3.592593735615403	3.4128238065640883	3.4111212833693095e-4	0.026545452424720072
DTNA	ENSG00000134769	398553	1.9960294212982066	-1.889150862817496	3.401030244051016	3.5590578995687834e-4	0.027499109206608682
ADCY1	ENSG00000164742	148976	1.882843572305155	-2.461111222128421	3.400857067179155	3.5612740564727643e-4	0.027499109206608682
	ENSG00000226025	6999	1.953028743440791	-1.1432179689797444	3.3996043698530056	3.5773432245843594e-4	0.02751653734369483
C4BPAP1	ENSG00000224462	18414	1.707142557054298	-5.962463916513725	3.3977113349191193	3.6017545782076303e-4	0.027597751810404775
	ENSG00000269761	1062	1.9267782882408104	-4.864470796342244	3.3947513352548246	3.640235897482165e-4	0.02778573929104969
RNASEH2B	ENSG00000136104	114373	-1.2050427539236663	4.515798945148967	-3.385616644355258	3.761417882398337e-4	0.028601132463030407
CTAG2	ENSG00000126890	1607	2.2425240001965996	-3.482922574225368	3.3844144267110767	3.777643359478425e-4	0.028615289356474973
ZNF571-AS1	ENSG00000267470	38434	1.7580575155979983	-3.0020452839346707	3.3769689159626735	3.87958987540509e-4	0.029189913393563128
FAM171B	ENSG00000144369	71899	1.6112456695147572	1.7757283722256108	3.3767369720022105	3.882806469879645e-4	0.029189913393563128
MCOLN3	ENSG00000055732	30418	1.815053199622512	-5.368654344629022	3.3711041857434907	3.961687821436528e-4	0.029670956683706208
LGALS9	ENSG00000168961	19762	-1.6060424786902427	2.7491549759348644	-3.365402740127594	4.043046710518041e-4	0.030166882609340976
ALOX5AP	ENSG00000132965	50948	-1.956421008140734	2.339871240454313	-3.361511412142538	4.099464758092311e-4	0.03037362536858886
ANKRD30A	ENSG00000148513	106969	1.8727911178410581	-5.716372619315287	3.3613892659276927	4.101247477236424e-4	0.03037362536858886
LIFR	ENSG00000113594	133686	2.0842125149647934	-0.52145373247604	3.356638888393626	4.1711408384225243e-4	0.030776839919649454
	ENSG00000261292	2009	-1.985192405671412	-3.3413996338991376	-3.3493256483581377	4.280909934445723e-4	0.03147021686864491
DCLK1	ENSG00000133083	362730	-2.507905816391456	-0.6450793448082991	-3.3428819824453466	4.3798460274370004e-4	0.032079151675955854
EPB41L4B	ENSG00000095203	149085	1.951608815576873	-3.618052472305304	3.340259172211724	4.420721779000031e-4	0.03225993380265151
ARL4C	ENSG00000188042	4040	1.7954917759146758	3.008477565080309	3.337040742843232	4.471364379876122e-4	0.03251040918828179
TLCD3B	ENSG00000149926	28551	1.5813080819232157	-3.2397493162336968	3.3211363275398216	4.729630773832161e-4	0.03416267750070946
PRR15	ENSG00000176532	3458	1.947925988875778	2.476107067588518	3.3209397526121225	4.732907835656968e-4	0.03416267750070946
SEZ6L2	ENSG00000174938	28391	2.128964123665318	-2.288520206602925	3.3168574066567706	4.8014421295102807e-4	0.03453224913505553
	ENSG00000245008	72582	-1.8333389071035122	-2.1340837260282535	-3.3055407781512476	4.996271620237874e-4	0.03580421698502839
	ENSG00000271046	839	-2.034081818288927	-1.4654999516700777	-3.2960875829526564	5.164616209346002e-4	0.036772672917260135
TRIM46	ENSG00000163462	11184	1.5818940062980582	-1.781821414189648	3.295229496066484	5.180154834958441e-4	0.036772672917260135
S100A6	ENSG00000197956	1645	1.568241802417691	5.7875307856647575	3.294863864497186	5.186789022061087e-4	0.036772672917260135
WDR72	ENSG00000166415	249137	2.0239109815923455	-4.092210655077858	3.292957930475644	5.221498947342448e-4	0.036887482988991575
LYSMD2	ENSG00000140280	28574	-1.8638009527718165	0.816538658078025	-3.266693828725362	5.722268962649174e-4	0.04028234709324977
	ENSG00000268088	2333	1.8434523165505565	-4.283392999793198	3.2570957362004416	5.916116801851616e-4	0.04150030948115771
	ENSG00000250546	502753	1.8614672810594146	-4.451371395229669	3.2518326148990666	6.024977740489793e-4	0.04211565141966234
PPP1R17	ENSG00000106341	21240	-2.176432807986385	-4.117704080935225	-3.247666862999011	6.112452708935583e-4	0.04242046257542533
NUPR1	ENSG00000176046	6300	-1.8463662070670241	-3.524289746188445	-3.24716882273195	6.122989176572534e-4	0.04242046257542533
BNIP3P41	ENSG00000248302	1028	-1.895648890957972	-2.663325823221917	-3.2467216784301307	6.132463217409143e-4	0.04242046257542533
UNC13A	ENSG00000130477	87029	1.751139661196107	-5.562352884652939	3.2436118963087806	6.198729197419611e-4	0.04273047857127803
TRANK1	ENSG00000168016	118238	-1.3271567651991276	5.49101886209121	-3.2359309670330023	6.365251553794541e-4	0.0437270832602396
BCL6B	ENSG00000161940	7240	1.8142502079985108	-2.565169428161023	3.2276418580106707	6.54959635837856e-4	0.04483885177031535
COL9A1	ENSG00000112280	87044	1.664459523368511	-5.8121539809604545	3.2262256603565445	6.581581326445172e-4	0.044903514789534485
GLOD5	ENSG00000171433	11901	1.5996598103889754	-6.409615003304729	3.2219819059768633	6.678294054740458e-4	0.045407841009740414
LINC00862	ENSG00000203721	147286	1.5467666693558573	-4.118233829437242	3.2161892533361183	6.812427255747693e-4	0.04597975262428295
TLL2	ENSG00000095587	149318	-1.5736258015497242	0.3068568743029399	-3.216149434237444	6.813357855593668e-4	0.04597975262428295
LINC02413	ENSG00000257345	20602	-1.6855118639622928	-3.1574539616265773	-3.2153678934364684	6.831646810956608e-4	0.04597975262428295
MNX1-AS1	ENSG00000243479	5621	1.8281830906830256	-3.564271779273028	3.2132570220658287	6.881270702642203e-4	0.04602352297828599
SERINC2	ENSG00000168528	25115	1.6591517437421341	0.6175803216391939	3.213126335469705	6.884353903990175e-4	0.04602352297828599
ABCG1	ENSG00000160179	97555	-1.8297074079439135	0.0603877598849281	-3.2080993064894474	7.00392705050303e-4	0.046666299230809824
IL12B	ENSG00000113302	15707	1.6917325563573815	-6.277055623220918	3.2051390545447687	7.075234702588994e-4	0.04698427524832598
GRIK4	ENSG00000149403	477160	-1.755201605085523	3.3036548126529026	-3.202653623585668	7.135622135428785e-4	0.04722786185448912
